1*	93*	364*	185*
2	153	311
3*	387	22	437*
4	36
5*	366*
6	445	30
7*	200*	420	25	138
8	414
9	79
10
11*	386*
12	17
13*	223	187	147*
14
15*	217	319	436*
16	74
17	427	423	57
18*	315*
19	84
20	279	40
21	109
22	98
23	267	114
24	332
25	289	138
26	52
27	348
28*	361*
29	113	143
30
31	359
32	131	146	410	274
33	311	390
34	242	135
35
36
37	443	50
38*	442*	73
39	397
40	296	279
41	136	156
42	2
43
44	198	261	253
45	134
46	39
47
48	392
49*	457*	60
50	202	339
51*	320*
52	206	70
53	68
54	98
55*	177*	203	130
56*	405*
57	175
58	414	8
59	302
60
61	334	444
62*	298*
63	14	260
64	207
65	182	424
66*	161*
67	454	321
68
69	236	97
70	183	351
71
72*	419*	170*
73	98
74
75	326	353
76	434
77	88	430
78
79	142	273
80
81	279	20
82	305
83
84	268	232
85	405
86	48	292
87	244
88	41
89*	382*
90*	402	286	384	140*
91	107
92*	222	141*	119	173
93*	248*	218*	399*
94
95*	32	211	274*
96	177	130	330
97	31	297
98	349
99
100*	327*	365	450
101*	234*	168*
102	434
103	243	27
104*	323*	405
105
106*	18*
107*	177	203	130	55*
108
109
110*	333	257*
111	69	236	97
112	128
113	143
114	315
115*	166*	71
116	144
117	414
118	216	157
119	222
120	388
121*	199*
122*	154*	263
123*	324*	44
124	216
125*	177*
126	343	57
127*	238	5*
128	150	112
129	452	64	347
130*	190*	134
131	374
132	23	83
133*	417*	16
134	210	35
135
136	373	404
137*	144	204*
138*	15*
139	400	126
140*	79	184*
141*	423*
142	221	193
143	266
144	239	24	180
145*	287*
146	374
147*	283*
148*	419*	72*
149	257
150	398	112
151	264
152	302
153	232	84
154*	396*	263
155	428	81	231	50
156	354	212	310
157	377	284
158*	459*	303	254*
159	138
160*	292*	48
161*	405	104*
162	244
163	23	83
164	276	66
165*	408	344*
166*	358*	77
167	414	117
168*	447*
169	73
170*	389*
171	354	212
172	15	149
173	222
174	366
175
176	453	391	26
177*	125*	252*	340
178	407
179
180	332

181	18
182	78	94
183	76	102
184*	3*	169	73
185*	399*	218*	248*
186	63
187	403
188	374
189*	341*	376*
190*	307*	134
191	368	229
192*	365	450*
193	221
194
195	374	456
196
197	257
198	411	67
199*	74	133*
200*	159	360*
201	49
202	443	213
203	130	177
204*	435*	144
205*	160*	86
206	351	183
207	109	21
208	265	122
209*	231*	249*	293*
210	224	35
211	316	195
212	245	354	310
213*	443	50	233*
214
215*	267*
216	271	455
217	436
218*	399*
219*	272	139	189*
220*	56*	85
221	425	313
222	134
223	403
224	196	294
225	302
226	261	67
227	142
228
229	352
230*	165*
231*	293*
232	263	19
233*	369*	443	50
234*	447*
235*	92*
236	31	297
237*	458*	257
238	416
239	298
240	227
241*	7*
242	309
243	348
244	191	57	12
245	354	310
246	302
247	79	9
248*	399*
249*	318*	350	293*
250	394
251	367
252*	11*	151	386
253	198	261
254*	47	459*
255*	267*	114
256	39
257*	237*	61	309*
258*	13*
259	115
260
261	362	162
262	49
263*	209*
264	386
265	418	60
266	194	105
267*	215*	53	380*	18
268	285	383
269*	219*	414
270	87	421
271	43	82
272	176	52
273	356	227
274*	291*	251	107
275	256
276*	161*
277*	101*
278
279	155	213	50
280*	371	342*
281*	306*	259	412
282	99	372
283*	137*
284	103	348
285	445	164
286
287*	235*
288	42
289	138
290	331	354	212
291*	438*
292*	446*
293*	276*	66*
294
295	414
296
297	228	31
298*	373*	401
299	96	433
300*	443	50	213*
301	45
302
303	459	47
304	87	421	270
305
306*	115*
307*	255*	132	163
308*	205*
309*	280*	371
310	290	171	354	212
311	363	75
312*	346*	29	129	158	111	302
313	65	338
314	298
315*	68	145*
316	426	188	374
317
318*	293*
319	217	322	436
320*	281*
321
322	436
323*	439	220*
324*	301	95*	304	299
325	18
326	441	353
327*	192*	450	365
328	126
329*	121*
330	177	130
331	15
332	239
333
334	34	379	242
335	57
336
337
338
339
340	451	386
341*	312*
342*	258*	432
343	4	278	214
344*	205*
345
346*	59	422*	246	370	225
347	452	64
348	455	43
349	112	128
350	293
351	381	183
352	118	431
353	172	149
354	179	310	212
355	386
356	240	375
357	250	415
358*	257*
359	178	407
360*	138*
361*	460*
362	244
363	75
364*	218*	399*	248*
365	50	213	443
366*	429*	295
367	107	395
368	229
369*	90*	79	247
370
371	144	204	280
372	186	440
373*	15	241*
374	91	107
375	227
376*	341*	336
377	124	348	406
378	42
379	34	135	242
380*	325	106*	181
381	57
382*	51*	33
383	80	317
384	79	286
385	43	82
386*	130*
387	98
388	57
389*	230*	165*
390	288	42	378
391	52
392
393	405	104
394	314	116
395	107
396*	365	100*
397	46
398	128	112
399*	337*	308*	148*
400	126	328
401	156
402	286
403	144	204
404	373
405*	300*	393	6
406	449	348
407	178
408	282	372
409	49
410	374
411	226
412	115
413
414	272	139
415	394
416	388
417*	28*	152
418
419*	308*
420	138
421	244
422*	302	329*
423*	120	238	127*
424	108	182
425	275
426	374
427	423	345	57
428	81
429*	448*
430	41
431	175
432	137
433	134
434
435*	62*	357	144
436*	49*	409	262	201
437*	38*	54
438*	107*
439
440	63
441	122	208
442*	198	123*	261
443	155	81
444	309
445
446*	277*	101*
447*	89*
448*	58	269*	167
449	10	174
450*	263*
451	355	386
452	207
453	52
454	37	413
455	335	385
456	374
457*	122*
458*	197	110*
459*	346*	29	129	111	302
460*