1*	270*	66
2
3
4
5	185	395
6	364
7
8
9	158	375
10	86	276
11	140	46
12	382	195	250
13*	147*	182
14	157	310
15	74
16	392	177	287	132	249
17
18	55	202
19
20	279
21	97	116
22*	63*	184	311
23	154
24*	324*	188
25*	197*
26	55	202
27	78
28	213
29	90
30*	319*
31*	376*	3
32	37
33	292
34
35*	333	124*
36	340	7
37*	351*	239
38	109
39	267	111
40*	163*
41	98	126	83
42	55	202
43	200	316
44
45	312
46	239
47	335	10
48	197
49	205	241
50	221
51	9
52*	138*	369
53	370	348
54*	239*
55*	143	40*	347
56*	373*	215
57	198
58	80	246
59*	341*	283
60*	179	365*
61
62*	16	392	177*	287	132	249
63*	194*
64	115	190
65	345	372
66*	293	119*
67	146	219
68*	271	30*	212
69	305
70
71*	128*
72	122
73	126	83
74	265	300	327
75	52	369
76	317	117
77	400
78*	301*	142
79	106	383
80	313
81*	307*	263	136
82	214
83*	37*
84	152	121
85
86*	187*
87*	381*
88	343	268
89*	54*	261*
90*	172*	357
91*	257*
92	122
93	284	230
94	174
95*	248*
96
97	134
98	105	235
99*	266*	305
100*	87*	217
101
102	133	251
103	77
104	134
105	126	83
106	188
107*	168	267*
108*	394	59*	14
109*	43	24*
110	58	223
111	267
112*	356*
113	371	74
114	336	298
115	221
116
117	329	135
118	60
119*	56*	293
120	228	292
121	26	354
122	176	384
123	282
124*	81*
125	69	139
126	226	41	83
127*	90*
128*	35*	233
129	349	361	167
130	9
131	74
132	16	392	177	287	249
133	178	17
134*	222*	247
135	68
136*	210	78*
137	220	362
138*	397*	75	52	369
139	201
140
141	72	96
142*	338*
143	2	163
144	85
145	28
146	86	276
147*	182*
148	175	315
149	70	353
150	292
151*	240*
152*	55*	202
153	390	371	74
154	22
155*	378*	322
156*	208*	326
157	310
158	275
159	294	334
160	237
161	29
162*	142*
163*	363	302*
164*	299	83*
165	234
166	11
167	203
168	94	267
169*	109*
170*	281*	192
171	326
172*	278*
173	337	368
174	39	350
175	315
176	277
177*	243*	103
178	344
179	290	191	84
180	53	272
181*	312*	45
182*	25*	242
183	386	218
184	323	149
185	318	47
186	260	358
187*	360*	280
188*	155*	224
189*	257*
190	50	
191*	152*	121
192*	120	292*
193
194*	52*	138	369
195	382
196*	364*
197*	171	156*	326
198	230
199	74
200	321	316
201	305
202	18	42
203	258
204	131	199
205	306	161
206	60
207	386	218
208*	326*
209*	356*
210	27	78
211	201
212	285
213*	108*	14
214*	389	181*
215	13
216	308	316
217	36
218	65	252
219
220	61	346
221*	374	60*
222*	196*	6
223	313
224	43
225	97	21
226	41	83
227	85
228	150	33
229*	107*
230*	88	5	385*
231	110
232*	286	320*
233
234	183	207
235	73
236	314
237*	12	100*
238	291
239*	102	344*
240*	34	89*
241	393	291
242	48	366
243*	400*
244	109
245*	258*
246	313
247	364
248*	214*
249	16	392	177	287	132
250	44	195	382
251	344
252	90
253*	315*
254	76	117
255
256*	188*
257*	164*
258*	95*	248
259	318	47
260	166	140
261*	239*
262	337	173	368
263	153	74
264	130	51	355
265	122
266*	305*
267*	352	68*
268
269	330	127
270*	66*
271	237
272
273	15	204
274	238	359
275	231	309
276
277	338
278*	134*
279	32
280	218
281*	399*	192
282*	22*	388
283	109
284	398	57
285*	237*
286	320
287	16	392	177	132	249
288*	64	221*
289	216	19
290	152	121
291	90
292*	93	230*
293	137	387
294	97	21
295	206
296	49	241
297	305
298	304	279
299	126	41	83
300	141	327
301*	162*	4
302*	379*
303	262
304	20
305*	253*	148
306	29
307*	263	136*
308	316
309	231	193
310	339	262
311	325
312*	232*
313	32
314	262
315*	129	245*
316	296	241
317
318*	86*	276
319*	285*
320*	330	269	127*
321	289	316
322	43
323	194
324*	256*	79
325
326*	91*	189*	380*
327	8	92
328*	125	99*
329
330	269	127
331*	71*
332	53	272
333
334
335	67	101
336	298
337	173	368
338*	123	282*
339	303	236
340	381
341*	367	38	169*
342	294	334
343	318	47
344*	229*	107
345	252
346	362
347
348	225	159
349	258
350	39
351*	396*	186
352	254	68
353	325
354	55	202
355	110
356*	170*	192
357	255	332	180
358	239
359
360*	297	328*	211
361	82	377
362	264
363	302
364*	31*	3
365*	290	191*	84
366
367	244	109
368	165	234
369*	288*
370	104	342
371	273	113
372
373*	13*
374	118	295
375	110
376*	62*	3
377	203
378*	112*	209*
379*	213*	145
380*	257*
381*	331*	128
382	144	227	391
383	188
384	277
385*	318*	47
386	218
387	114
388	23	154
389	181
390	15	204
391	100
392	16	177	287	132	249
393	274	291
394	59	14
395	259
396*	151*	34
397*	52	369*
398	230
399*	192*
400*