1	121	39	47
2	243
3	40	21	461	590
4	270	635
5
6	223	610	581	612
7	154
8	208
9	399	292
10	211	389
11	336
12	599	246
13	648	534
14
15	623	124
16	293
17	448
18	160	276	305	335
19	311
20	188	572
21
22	621
23	283
24	474
25	607	261
26	154
27	602	516	525	638
28	353	555	33
29
30	189
31	247	501
32	183	154
33	185
34	3
35	542
36	250	2	566	458	587
37	120	63
38	162
39	95	448
40	408	598
41	482
42	12	654
43	336
44	4	291	192
45	146	520
46	610
47	311
48	279
49	223	581	612	338
50	159
51	169
52	614	190
53	624
54
55
56	459
57	141	424	405
58	377	125
59
60	270
61	166	351	44
62	25
63	120
64	495
65	474	131
66	545	360
67
68	220	443	665
69	299	570
70
71	243
72
73	283
74	330	10
75	275
76	506	543	280
77	43
78	580	265
79	515
80	542
81	347
82	581
83	270
84	460	156
85	286	294
86	644	205
87	633
88	442	47
89	283
90	512	326
91	630
92	546
93	186	126
94	264	337	629	376	298
95	513	100	17
96	627
97	155
98	666	612
99
100	448
101	288	52
102	128
103	49	223	338	581	612
104	481
105	500	609	277
106	74	237
107	612
108
109	283
110	302
111	143	285
112	331	657	108
113	429	221	334	373
114	87	201	559
115	423
116	446	22	130
117	529	558
118	223
119
120	642
121	88	442	224
122	302
123	445	28	354	491
124	450	345	229
125	99	441
126	162
127	162
128	261	452
129	269	372
130	217	404	391	22
131	363	235	119	425
132	634
133	419	70
134
135	199	416
136	564
137	350	664	46	82	107
138	281	336
139	179	157
140	113	189	123
141	358	341
142	481
143	53
144	492	519
145	344
146	520	195	452	600	261
147	61	407	523
148	295
149	57
150	383
151	620	579	489
152	542
153	209	187	413
154	443	68	665
155	449
156	522
157	532
158	490
159	361	8	278
160	373
161	41
162	348	59
163	105
164	643
165	645	502
166	207	44	351
167	462
168	536
169	165	290
170	245	301	26
171	167
172	129
173	497
174	588
175	270
176	667	234
177	548	116
178	411	42
179	661	517	406	583
180	385
181	388	448
182	106	449
183	606	154
184	386	440
185	336	272
186	574
187
188	341
189	445	27	478	585	449
190	275
191	270
192	270
193	3
194	140
195	45	452	600	261
196	458	396
197	496	169	554
198	203	659	112
199	15
200	577	309	343
201
202	442	47
203	144	492	519
204	233	117	37
205	560
206
207	436
208	643
209
210	505
211	418	397
212	162
213	411	42	412
214	396
215	60	191	455
216	336
217	332
218	366	522
219	44	263	378
220	314	239
221	335	587
222	43
223	98	359	612
224	39	47
225	93	283
226	630	91
227	421
228	462
229	58
230	431	547
231	129
232	318	426
233	262	96
234	90
235	25
236	602	525
237	651	97
238	565	403
239	105
240	510	50	647
241	484
242	14	538
243	373
244	185
245	154
246	599	527
247	155
248	414	532	300	422
249	240	271	101
250	373
251	643
252	213	649	594
253	1
254	198
255	312
256	44
257	195	45	283
258	546
259	467	439
260	174	588
261	302
262	139	67
263	147	351
264	561
265	401	151
266	515
267	300
268	495
269	518	576	427	417
270	153	507
271	610	223	581	612
272	410	553
273	509
274	445
275	223	581	612
276	243
277	168	609
278	208
279	465	223	338	581	612
280	543	506
281	336
282	251
283	257	452	600	261
284	575	534
285	370
286	646	32	154
287	588	459
288	275
289	526	634
290	493
291	320	349	175	118
292
293	503	402
294	637	416
295	66
296	176
297	656
298	24	94	561
299	573	84
300	204	233
301	154
302	253	329	122
303	509
304	48	622	494	279
305	335
306	380
307	218
308	669
309	281	336
310	185
311	285	85
312	284
313
314	35	152	80
315	596	479	148	295
316	433	653
317	456	550
318	586
319	287
320	351
321	231
322	62
323	149	503
324	83
325	540	210
326	512	242
327	260
328	415	69
329	34	193
330	74
331	203
332	41
333	73	89
334	429	221	373
335	531	18	243
336	123	189	113
337	474	298
338	437	249
339	252	184
340	453
341	289	634
342	104	142
343	281	336
344	434
345	58
346	198
347	650	488
348	209	110	413
349	610
350	351
351	610	338	581	223	612
352	503
353	28	76	603
354	336	578
355	214	71
356	605	360
357	179	54
358	20	188
359	164	98	612
360	150	545
361	208
362
363	322	470
364	319	571
365	327
366
367	611
368	663	634
369	530	508	9
370	53
371	564
372	269
373	189	123
374	344
375	198
376	474
377	535	504
378	207	44	263
379	248	455
380	270
381	312
382	111	498
383	495	321	268	64
384	15
385	466
386	447	449
387
388	121	47
389	501	652
390	339	42
391	22
392	580	78	435
393	189
394	560
395	340
396	243
397	501	604
398
399	127	212	38
400	592	457
401	302
402	352	503
403	459
404	22
405	346	589
406	661	583
407	166	351	44
408	669
409	342	670
410	336
411	449	393	480
412	411	339	42	246
413	297
414
415
416	384	568
417	593
418	31	247
419	32	154
420	216	241	336
421	198
422	613	177
423	551	492
424	539	434
425	62	499
426
427
428
429	243
430	658	313
431	586
432	123
433	586
434	582	611
435	265
436	351
437	240	223	610	581	612
438	284
439	173
440	178	246
441	398	158
442	202	19	47
443	105
444
445	274	528	615
446	332
447	412	390	339	42
448	311
449	189	123	113
450	86
451	449
452	569	347
453	129
454	328	69
455	532	300	422	379
456	368
457	134	610	223	338	612
458	196	71	396
459	230
460	307
461	308	40
462	515	79	628	266
463	586
464	403
465	643
466	383
467	173
468	297
469	486	102
470
471	347
472	105
473	466
474	65	607	261
475	627
476	283
477	162
478	106	449	182
479	295
480
481	671	387
482	574	93
483	162	540	210
484	11
485	133	154	7
486	
487	105
488	509
489	302
490	55	487
491	200	336
492	287	364
493	167	655
494	279
495	231
496	382
497	371	136
498	632
499
500	536	609
501	451
502	617
503	323	149
504	441
505	298
506	639	668
507
508	369
509	261	600
510	6
511	574	23	476	109
512	482
513	181	448
514	464	662	56
515	172
516	428	444	236
517	287
518	593
519	115	556
520	146	195	452	600	261
521
522	570	328
523	166	351	44
524	643
525	449
526	317	132
527	411
528	445
529	233	475
530	324	215
531	335
532	483	325
533	44
534	228	575
535	487
536	609
537	43
538	157
539	374	145	114	633
540	505	477
541	459
542	660	163
543	244	310
544	51	382	315
545	356
546	167
547	433	316
548	300	532
549
550	368
551	463	232
552	304
553	336
554	381	438	255	312
555	185
556	403	631
557	16	641	293
558	233	475
559	145
560	612	219	533	256	44	263	378
561	474
562	275
563	170	154
564	625
565	357	179	54
566	373
567	53
568	15
569	509
570	226	328	299
571	588	459
572	341
573	84
574	333	225	511
575	13
576	593
577	29	138
578	241	616
579
580	78	265
581	400	610	338	223	612
582	327
583	588	459
584	254
585	447	449
586	259	467	439
587	36	396	595	355
588	514
589	375	421	636	584
590	669
591	367	549
592	134
593	392	265
594	411	42	412
595	243
596	295
597	179	430
598
599	411	339
600	469	128
601	140
602
603	543	506	280
604	97	501
605	567
606	563	154
607	5	261	131
608	198
609	394	72
610	552	103
611	327
612	282	380
613	300	532
614	562	306	75	275
615*	557*
616	537	77	222	420
617	340
618	203
619	385
620
621	267	161
622	279
623	58
624	129
625	468	409
626	454	369
627	296	206
628	172
629	474
630	656
631	423
632	466	640
633	344
634	597	179	430
635	137
636	608	362	227
637	286	135
638	449
639	185
640	385	180	473	619
641	432	30
642	529	558
643	626	369
644	560
645	340
646	485	32	154
647
648	395
649	411	42	412
650	471	81	273	303	347
651	155
652	651	97
653
654
655	546	258	171	92
656	197	544
657	203
658	403	238
659	541	618
660	105
661	287
662	403
663	634
664	223
665	472
666	524	643
667	90
668	185
669	601	521	194
670
671
