1*	71*	278
2	16	269
3*	272*	127
4	46	332
5	97	292
6	89
7*	214*
8*	189	273*
9	34	322
10	77
11	366	250
12	161	256	364
161	12
13	282
14	161	117
161	14
15*	367*
16	50	269
17	380	144	327
18	261	348
19	317
20	376	291
21	339	293
22	4
23	326	229
24	360	135
25*	90	340*
26*	371*
27*	319*
28	351
29	375
30	67	267
31*	90*
32	124
33	320	147
34	96
35	136	361
36*	263*	353
37*	366*	11	277
38	66
39	396
40	355	265	181
41	310
42*	257	113*
43	354	52
44	399
45	90
46	4	206
47	158	298
48*	391*	60
49*	122*
50	269
51	287*
52*	391	362	354*	234	291
53	155	300
54*	308*	179*
55	7	166
56	399
57	16	2	119
58*	15*	367
59	150
60	48
61	29	375
62	6	89
63	281	10
64
65	293	372
66	104	99
67	267	177
68	303
69	244
70	267
71*	301*	248
72	319
73*	218*
74	279	118
75*	93*
76	244
77	345	18
78	159	237
79	137	267
80	129	123	195	140
81*	205*
82	208	147	33
83	360	154
84	204	280	377
85*	106*	373	318	59
86	259	350
87	262
88	216	384
89*	286*
90*	253*
91	131	20
92	71
93*	8*
94	260	329
95	205
96	374
97	334	247	292
98	358
99	383
100	346	91
101	327
102	303	19	68
103	252	359
104*	49*
105*	39	382*	368	194	215
106*	152	126*
107*	148	197*
108	185
109	120	212
110*	319*
111	249
112	142	105
113*	285*	78
114	359
115*	95	313*	330
116*	378*	42
117	354	308
118
119	269
120	197
121	103	359
122*	268	282*	13
123	184	164	140
124	138	76
125	73
126*	152	26*
127	272	188
128*	210	58*
129	104
130	280
131	291
132	319
133	52
134	202	325	87
135	360
136	229
137	354
138	163	351
139*	335	219	276	347	231	288	321*	200	186	302	245	174	290	233	192
140	395
141	66	111
142	396
143	44	399
144	101	217
145*	363*
146	366	11
147	208
148	230
149	181	265	355
150	222	297	133
151	218	86	158
152	371
153	399
154	41
155	300
156	343	92
157	4	329
158	218
159	365	237
160*	267*
162	23	69
163	28	351
164	129	236
165	141	66	249
166	218	158
167	187	359
168	372	65	293
169*	400*
170	4	319
171	337	187
172	249	141	165
173	24	135	360
174	198
175	177	267
176	270	375
177	52	391	175
178	162
179*	54	258*	54
180	70	329	22
181	355	265
182
183	266	237
184	322	34
185	162
186	198
187	171	308
188	342	209
189*	90	25*
190	167	359
191	308	392	46
192	169
193*	93	338*
194	142	105
195	140	164	9
196	280
197*	48*	295
198
199	283
200	387
201	293
202	87
203	38	66
204	130	280	377
205*	254	380*
206	284	341
207	83	154
208*	397*	363
209	158	47
210	225	357
211	173	360
212	369	120
213*	36*	314
214*	271	104*	99
215	142	105
216	384
217	118
218*	3*	386	209	316
219	182
220	171
221*	72	132	27*	110*	170
222	85
223	53	300
224	118
225	77	63
226	267
227	131	291	100	20	291
228	85
229	69
230	390	64
231	182
232	375
233	198
234	161
161	43
235	176	5
236	395
237	285
238	70	180	329
239	88	149
240*	145*
241	90
242*	379	139*
243	128
244	143	399
245	198
246*	329*	180	70
247	292
248	301
249	66	304
250	366
251	344	399
252	312	226
253*	328	125	73*
254	352	333	279	380
255*	193*	93
256	398	297	114
257	168	293
258*	54*
259	7
260	359	329
261	345
262	199	251
263*	314*
264	80	129
265	88
266	237
267*	312	246*	349	79
268	13	282
269	225
270	61	394	375
271	336	214
272*	7*
273*	189*
274*	324	356*	98
275	230
276	182
277	146	366	11
278	156	92
279	380	17	333
280	311
281	10
282*	115*
283	251
284	46	392
285*	213*	314
286*	294	275	148	107*
287	32	309
288	182
289	396
290	198
291	315	52	227
292	239	40
293	113
294	275	148	107
295	161
161	48
296*	42*
297	150	256
298	86	7
299*	260	359*
300*	102	303*
301*	82	208*
302	198
303*	128*	243
304	66	203
305	162	108
306	161
161	291
307	134	87
308*	187	54*	160*	354
309	124
310	211
311	305	178	108
312	308
313*	221*
314*	223	300*
315	306	291
316	151	218
317	303
318	85	228
319*	221*	81*
320	363
321*	169*
322	96
323*	8	255*
324	358
325	87
326	35	229
327	380
328	73	125
329*	157	392	299*	238
330	81
331	287
332	329	4
333	327	380	224
334	292
335	182
336	66	172	249
337	267
338*	75*	93
339	201
340*	388	31*	241	45
341	46	392	220	191
342	7
343	92
344	56	153
345	381	311
346	131
347	182
348	331	51
349	267	30
350	7
351	76
352	74	279
353	314
354*	308*	52	14	234
355	181	265
356*	358*
357	269	57
358*	142	105*	389
359*	190	94	121	385*
360	89
361	136
362	177
363*	370*	42
364*	256	373*
365	183	237
366*	89*	62
367*	235	323*
368	142	105
369	109
370*	116*	42
371*	274*
372	21
373*	85*
374	207
375	5
376	291
377	196
378*	296*	42
379	139
380*	37*
381	84	280
382*	396*
383	80	264	129
384	262	307
385*	114	297	398*
386	55	166
387
388	90
389	289	112
390	120	393
391*	52*	362	48
392	206	329
393	212	369
394	232
395	322	34
396*	242*
397*	240*	363
398*	364*	12
399	218
400*